1	1	1	0	0	0	1
2	1	1	0	0	0	1
3	1	1	0	0	0	1
4	1	1	0	0	0	1
5	1	1	0	0	0	1
6	1	1	0	0	0	1
7	1	1	0	0	0	1
8	1	1	0	0	0	1
9	1	1	0	0	0	1
10	1	1	0	0	0	1
11	1	1	0	0	0	1
12	1	1	0	0	0	1
13	1	1	0	0	0	1
14	1	1	0	0	0	1
15	1	1	0	0	0	1
16	1	1	0	0	0	1
17	1	1	0	0	0	1
18	1	1	0	0	0	1
19	1	2	2	0	0	1
20	1	1	0	0	0	1
21	1	1	0	0	0	1
22	1	1	0	0	0	1
23	1	1	0	0	0	1
24	1	1	1	0	0	1
25	1	1	1	0	0	1
26	1	1	0	0	0	1
27	1	1	0	0	0	1
28	1	1	0	0	0	1
29	1	1	0	0	0	1
30	1	1	0	0	0	1
31	1	1	0	0	0	1
32	1	1	0	0	0	1
33	1	2	2	0	0	1
34	1	2	2	0	0	1
35	1	1	0	0	0	1
36	1	1	0	0	0	1
37	1	1	0	0	0	1
38	1	1	0	0	0	1
39	1	1	0	0	0	1
40	1	1	0	0	0	1
41	1	1	0	0	0	1
42	1	1	0	0	0	1
43	1	1	0	0	0	1
44	1	1	0	0	0	1
45	1	1	0	0	0	1
46	1	1	0	0	0	1
47	1	1	0	0	0	1
48	1	1	0	0	0	1
49	1	1	0	0	0	1
50	1	1	1	0	0	1
51	1	1	0	0	0	1
52	1	1	0	0	0	1
53	1	1	0	0	0	1
54	1	1	0	0	0	1
55	1	1	0	0	0	1
56	1	1	0	0	0	1
57	1	1	0	0	0	1
58	1	1	0	0	0	1
59	1	1	0	0	0	1
60	1	1	0	0	0	1
61	1	1	0	0	0	1
62	1	1	0	0	0	1
63	1	1	0	0	0	1
64	1	1	0	0	0	1
65	1	1	1	0	0	1
66	1	1	0	0	0	1
67	1	1	0	0	0	1
68	1	1	0	0	0	1
69	1	1	0	0	0	1
70	1	1	1	0	0	1
71	1	1	0	0	0	1
72	1	1	0	0	0	1
73	1	1	0	0	0	1
74	1	1	0	0	0	1
75	1	1	0	0	0	1
76	1	1	0	0	0	1
77	1	2	2	0	0	1
78	1	1	0	0	0	1
79	1	1	0	0	0	1
80	1	2	2	0	0	1
81	1	1	0	0	0	1
82	1	1	0	0	0	1
83	1	1	0	0	0	1
84	1	1	0	0	0	1
85	1	1	0	0	0	1
86	1	1	0	0	0	1
87	1	1	0	0	0	1
88	1	1	0	0	0	1
89	1	1	1	0	0	1
90	1	1	0	0	0	1
91	1	1	0	0	0	1
92	1	1	0	0	0	1
93	1	1	0	0	0	1
94	1	1	0	0	0	1
95	1	1	0	0	0	1
96	1	1	1	0	0	1
97	1	1	0	0	0	1
98	1	1	0	0	0	1
99	1	1	0	0	0	1
100	1	1	0	0	0	1
101	1	1	1	0	0	1
102	1	1	0	0	0	1
103	1	1	0	0	0	1
104	1	1	0	0	0	1
105	1	1	0	0	0	1
106	1	1	0	0	0	1
107	1	1	0	0	0	1
108	1	1	1	0	0	1
109	1	1	0	0	0	1
110	1	1	0	0	0	1
111	1	1	0	0	0	1
112	1	1	0	0	0	1
113	1	1	0	0	0	1
114	1	1	0	0	0	1
115	1	1	0	0	0	1
116	1	1	0	0	0	1
117	1	1	0	0	0	1
118	1	1	0	0	0	1
119	1	2	2	0	0	1
120	1	1	0	0	0	1
121	1	1	0	0	0	1
122	1	1	0	0	0	1
123	1	1	0	0	0	1
124	1	1	0	0	0	1
125	1	1	0	0	0	1
126	1	1	0	0	0	1
127	1	1	0	0	0	1
128	1	1	0	0	0	1
129	1	1	1	0	0	1
130	1	1	1	0	0	1
131	1	2	2	0	0	1
132	1	2	2	0	0	1
133	1	1	0	0	0	1
134	1	1	0	0	0	1
135	1	1	1	0	0	1
136	1	1	0	0	0	1
137	1	1	1	0	0	1
138	1	1	0	0	0	1
139	1	2	0	0	0	1
140	1	1	1	0	0	1
141	1	2	2	0	0	1
142	1	2	2	0	0	1
143	1	2	2	0	0	1
144	1	1	0	0	0	1
145	1	1	0	0	0	1
146	1	1	0	0	0	1
147	1	1	0	0	0	1
148	1	1	0	0	0	1
149	1	2	1	0	0	1
150	1	2	2	0	0	1
151	1	2	2	0	0	1
152	1	1	1	0	0	1
153	1	1	0	0	0	1
154	1	1	0	0	0	1
155	1	1	0	0	0	1
156	1	1	1	0	0	1
157	1	1	0	0	0	1
158	1	2	1	0	0	1
159	1	3	3	0	0	1
160	1	2	0	0	0	1
161	1	1	0	0	0	1
162	1	1	0	0	0	1
163	1	1	0	0	0	1
164	1	1	0	0	0	1
165	1	2	2	0	0	1
166	1	1	0	0	0	1
167	1	2	2	0	0	1
168	1	1	0	0	0	1
169	1	1	0	0	0	1
170	1	1	0	0	0	1
171	1	1	0	0	0	1
172	1	1	1	0	0	1
173	1	1	0	0	0	1
174	1	1	1	0	0	1
175	1	1	1	0	0	1
176	1	2	2	0	0	1
177	1	1	1	0	0	1
178	1	3	3	0	0	1
179	1	1	0	0	0	1
180	1	4	4	0	0	1
181	1	1	0	0	0	1
182	1	2	2	0	0	1
183	1	3	0	0	0	1
184	1	1	0	0	0	1
185	1	1	1	0	0	1
186	1	1	0	0	0	1
187	1	1	1	0	0	1
188	1	2	2	0	0	1
189	1	1	0	0	0	1
190	1	1	0	0	0	1
191	1	3	2	0	0	1
192	1	1	0	0	0	1
193	1	1	0	0	0	1
194	1	1	0	0	0	1
195	1	1	1	0	0	1
196	1	1	0	0	0	1
197	1	2	0	0	0	1
198	1	1	1	0	0	1
199	1	1	0	0	0	1
200	1	2	2	0	0	1
201	1	1	1	0	0	1
202	1	3	3	0	0	1
203	1	1	1	0	0	1
204	1	1	0	0	0	1
205	1	1	1	0	0	1
206	1	1	1	0	0	1
207	1	1	1	0	0	1
208	1	1	1	0	0	1
209	1	1	0	0	0	1
210	1	2	2	0	0	1
211	1	1	0	0	0	1
212	1	2	2	0	0	1
213	1	3	3	0	0	1
214	1	2	2	0	0	1
215	1	1	1	0	0	1
216	1	1	1	0	0	1
217	1	2	2	0	0	1
218	1	1	0	0	0	1
219	1	4	4	0	0	1
220	1	2	0	0	0	1
221	1	1	0	0	0	1
222	1	2	2	0	0	1
223	1	1	0	0	0	1
224	1	1	1	0	0	1
225	1	2	2	0	0	1
226	1	1	0	0	0	1
227	1	2	2	0	0	1
228	1	1	0	0	0	1
229	1	2	2	0	0	1
230	1	1	0	0	0	1
231	1	1	1	0	0	1
232	1	1	0	0	0	1
233	1	2	1	0	0	1
234	1	1	1	0	0	1
235	1	1	0	0	0	1
236	1	1	0	0	0	1
237	1	1	1	0	0	1
238	1	5	2	0	0	1
239	1	3	3	0	0	1
240	1	1	1	0	0	1
241	1	2	2	0	0	1
242	1	1	0	0	0	1
243	1	2	2	0	0	1
244	1	1	0	0	0	1
245	1	2	2	0	0	1
246	1	1	0	0	0	1
247	1	1	1	0	0	1
248	1	1	0	0	0	1
249	1	1	1	0	0	1
250	1	2	2	0	0	1
251	1	1	0	0	0	1
252	1	1	1	0	0	1
253	1	1	0	0	0	1
254	1	1	0	0	0	1
255	1	1	0	0	0	1
256	1	1	0	0	0	1
257	1	1	1	0	0	1
258	1	2	0	0	0	1
259	1	1	1	0	0	1
260	1	2	2	0	0	1
261	1	1	0	0	0	1
262	1	1	1	0	0	1
263	1	1	0	0	0	1
264	1	1	1	0	0	1
265	1	1	0	0	0	1
266	1	2	0	0	0	1
267	1	1	0	0	0	1
268	1	2	0	0	0	1
269	1	1	0	0	0	1
270	1	1	1	0	0	1
271	1	2	2	0	0	1
272	1	1	0	0	0	1
273	1	1	1	0	0	1
274	1	2	2	0	0	1
275	1	1	0	0	0	1
276	1	3	3	0	0	1
277	1	1	1	0	0	1
278	1	2	2	0	0	1
279	1	1	1	0	0	1
280	1	1	0	0	0	1
281	1	1	1	0	0	1
282	1	1	0	0	0	1
283	1	1	1	0	0	1
284	1	1	0	0	0	1
285	1	1	1	0	0	1
286	1	1	0	0	0	1
287	1	1	0	0	0	1
288	1	2	2	0	0	1
289	1	1	0	0	0	1
290	1	1	1	0	0	1
291	1	1	0	0	0	1
292	1	1	1	0	0	1
293	1	1	0	0	0	1
294	1	1	1	0	0	1
295	1	1	0	0	0	1
296	1	1	0	0	0	1
297	1	1	1	0	0	1
298	1	1	0	0	0	1
299	1	3	0	0	0	1
300	1	1	0	0	0	1
301	1	1	1	0	0	1
302	1	1	0	0	0	1
303	1	2	2	0	0	1
304	1	1	0	0	0	1
305	1	2	0	0	0	1
306	1	1	1	0	0	1
307	1	1	0	0	0	1
308	1	2	2	0	0	1
309	1	1	0	0	0	1
310	1	1	1	0	0	1
311	1	2	2	0	0	1
312	1	1	0	0	0	1
313	1	1	1	0	0	1
314	1	1	0	0	0	1
315	1	1	0	0	0	1
316	1	4	4	0	0	1
317	1	1	0	0	0	1
318	1	1	1	0	0	1
319	1	1	0	0	0	1
320	1	1	1	0	0	1
321	1	1	0	0	0	1
322	1	1	0	0	0	1
323	1	1	1	0	0	1
324	1	1	0	0	0	1
325	1	2	2	0	0	1
326	1	2	0	0	0	1
327	1	2	2	0	0	1
328	1	1	1	0	0	1
329	1	1	1	0	0	1
330	1	1	0	0	0	1
331	1	2	2	0	0	1
332	1	2	1	0	0	1
333	1	1	0	0	0	1
334	1	1	1	0	0	1
335	1	1	0	0	0	1
336	1	2	2	0	0	1
337	1	1	1	0	0	1
338	1	1	0	0	0	1
339	1	1	1	0	0	1
340	1	1	0	0	0	1
341	1	1	1	0	0	1
342	1	1	0	0	0	1
343	1	1	1	0	0	1
344	1	4	4	0	0	1
345	1	2	2	0	0	1
346	1	1	0	0	0	1
347	1	1	0	0	0	1
348	1	1	1	0	0	1
349	1	1	0	0	0	1
350	1	1	1	0	0	1
351	1	1	1	0	0	1
352	1	1	0	0	0	1
353	1	2	2	0	0	1
354	1	1	0	0	0	1
355	1	1	1	0	0	1
356	1	4	4	0	0	1
357	1	1	1	0	0	1
358	1	2	2	0	0	1
359	1	1	1	0	0	1
360	1	1	0	0	0	1
361	1	1	1	0	0	1
362	1	1	0	0	0	1
363	1	2	2	0	0	1
364	1	1	0	0	0	1
365	1	1	1	0	0	1
366	1	1	0	0	0	1
367	1	2	1	0	0	1
368	1	1	0	0	0	1
369	1	1	1	0	0	1
370	1	1	0	0	0	1
371	1	1	1	0	0	1
372	1	1	0	0	0	1
373	1	1	1	0	0	1
374	1	1	0	0	0	1
375	1	1	1	0	0	1
376	1	1	0	0	0	1
377	1	3	3	0	0	1
378	1	1	1	0	0	1
379	1	1	0	0	0	1
380	1	1	1	0	0	1
381	1	1	0	0	0	1
382	1	1	1	0	0	1
383	1	1	1	0	0	1
384	1	1	1	0	0	1
385	1	1	0	0	0	1
386	1	1	1	0	0	1
387	1	3	2	0	0	1
388	1	1	0	0	0	1
389	1	2	0	0	0	1
390	1	1	0	0	0	1
391	1	4	4	0	0	1
392	1	1	1	0	0	1
393	1	1	0	0	0	1
394	1	1	1	0	0	1
395	1	1	0	0	0	1
396	1	2	2	0	0	1
397	1	1	0	0	0	1
398	1	1	1	0	0	1
399	1	2	2	0	0	1
400	1	1	1	0	0	1
401	1	1	0	0	0	1
402	1	1	1	0	0	1
403	1	1	0	0	0	1
404	1	2	2	0	0	1
405	1	1	0	0	0	1
406	1	1	1	0	0	1
407	1	3	2	0	0	1
408	1	1	1	0	0	1
409	1	1	0	0	0	1
410	1	1	0	0	0	1
411	1	1	1	0	0	1
412	1	1	0	0	0	1
413	1	2	2	0	0	1
414	1	1	0	0	0	1
415	1	1	1	0	0	1
416	1	2	2	0	0	1
417	1	1	0	0	0	1
418	1	2	1	0	0	1
419	1	3	3	0	0	1
420	1	1	1	0	0	1
421	1	1	0	0	0	1
422	1	2	2	0	0	1
423	1	1	0	0	0	1
424	1	2	2	0	0	1
425	1	1	0	0	0	1
426	1	2	2	0	0	1
427	1	3	3	0	0	1
428	1	1	0	0	0	1
429	1	1	0	0	0	1
430	1	2	0	0	0	1
431	1	1	0	0	0	1
432	1	2	2	0	0	1
433	1	1	0	0	0	1
434	1	2	2	0	0	1
435	1	1	0	0	0	1
436	1	1	1	0	0	1
437	1	1	0	0	0	1
438	1	2	2	0	0	1
439	1	2	1	0	0	1
440	1	1	0	0	0	1
441	2	1	0	0	0	1
442	2	1	0	0	0	1
443	2	1	0	0	0	1
444	2	1	0	0	0	1
445	2	1	0	0	0	1
446	2	1	0	0	0	1
447	2	1	0	0	0	1
448	2	1	1	0	0	1
449	2	1	1	0	0	1
450	2	1	0	0	0	1
451	2	1	0	0	0	1
452	2	1	1	0	0	1
453	2	1	0	0	0	1
454	2	1	0	0	0	1
455	2	2	2	0	0	1
456	2	1	0	0	0	1
457	2	1	0	0	0	1
458	2	1	0	0	0	1
459	2	1	0	0	0	1
460	2	1	0	0	0	1
461	2	1	0	0	0	1
462	2	1	0	0	0	1
463	2	2	2	0	0	1
464	2	1	0	0	0	1
465	2	1	0	0	0	1
466	2	1	0	0	0	1
467	2	1	0	0	0	1
468	2	1	0	0	0	1
469	2	1	1	0	0	1
470	2	1	0	0	0	1
471	2	1	0	0	0	1
472	2	1	0	0	0	1
473	2	2	2	0	0	1
474	2	6	6	0	0	1
475	2	1	0	0	0	1
476	2	1	0	0	0	1
477	2	1	0	0	0	1
478	2	2	2	0	0	1
479	2	1	0	0	0	1
480	2	1	1	0	0	1
481	2	1	0	0	0	1
482	2	1	0	0	0	1
483	2	1	0	0	0	1
484	2	1	0	0	0	1
485	2	1	0	0	0	1
486	2	1	0	0	0	1
487	2	1	0	0	0	1
488	2	4	4	0	0	1
489	2	1	0	0	0	1
490	2	1	0	0	0	1
491	2	1	0	0	0	1
492	2	1	0	0	0	1
493	2	1	0	0	0	1
494	2	1	0	0	0	1
495	2	1	0	0	0	1
496	2	1	0	0	0	1
497	2	1	0	0	0	1
498	2	1	0	0	0	1
499	2	1	0	0	0	1
500	2	1	0	0	0	1
501	2	1	0	0	0	1
502	2	1	0	0	0	1
503	2	1	0	0	0	1
504	2	1	0	0	0	1
505	2	1	0	0	0	1
506	2	1	1	0	0	1
507	2	1	1	0	0	1
508	2	1	0	0	0	1
509	2	1	0	0	0	1
510	2	1	0	0	0	1
511	2	1	0	0	0	1
512	2	1	0	0	0	1
513	2	1	0	0	0	1
514	2	1	0	0	0	1
515	2	1	0	0	0	1
516	2	1	0	0	0	1
517	2	1	0	0	0	1
518	2	1	0	0	0	1
519	2	1	0	0	0	1
520	2	4	4	0	0	1
521	2	1	0	0	0	1
522	2	2	2	0	0	1
523	2	2	2	0	0	1
524	2	1	1	0	0	1
525	2	1	1	0	0	1
526	2	1	1	0	0	1
527	2	1	1	0	0	1
528	2	1	0	0	0	1
529	2	1	0	0	0	1
530	2	1	0	0	0	1
531	2	1	0	0	0	1
532	2	1	0	0	0	1
533	2	1	0	0	0	1
534	2	1	0	0	0	1
535	2	1	0	0	0	1
536	2	1	0	0	0	1
537	2	1	0	0	0	1
538	2	1	0	0	0	1
539	2	1	0	0	0	1
540	2	1	0	0	0	1
541	2	1	0	0	0	1
542	2	1	0	0	0	1
543	2	1	0	0	0	1
544	2	1	0	0	0	1
545	2	1	0	0	0	1
546	2	1	0	0	0	1
547	2	1	0	0	0	1
548	2	1	0	0	0	1
549	2	1	0	0	0	1
550	2	1	0	0	0	1
551	2	1	0	0	0	1
552	2	1	0	0	0	1
553	2	1	0	0	0	1
554	2	1	0	0	0	1
555	2	1	0	0	0	1
556	2	1	0	0	0	1
557	2	1	1	0	0	1
558	2	1	0	0	0	1
559	2	1	0	0	0	1
560	2	1	1	0	0	1
561	2	1	1	0	0	1
562	2	1	1	0	0	1
563	2	1	1	0	0	1
564	2	1	1	0	0	1
565	2	1	1	0	0	1
566	2	1	1	0	0	1
567	2	1	0	0	0	1
568	2	1	0	0	0	1
569	2	1	0	0	0	1
570	2	1	0	0	0	1
571	2	1	0	0	0	1
572	2	1	0	0	0	1
573	2	1	0	0	0	1
574	2	1	0	0	0	1
575	2	1	0	0	0	1
576	2	3	3	0	0	1
577	2	1	0	0	0	1
578	2	1	0	0	0	1
579	2	1	0	0	0	1
580	2	1	0	0	0	1
581	2	1	1	0	0	1
582	2	1	0	0	0	1
583	2	1	0	0	0	1
584	2	1	0	0	0	1
585	2	1	0	0	0	1
586	2	1	0	0	0	1
587	2	1	1	0	0	1
588	2	2	2	0	0	1
589	2	1	0	0	0	1
590	2	2	0	0	0	1
591	2	1	0	0	0	1
592	2	1	1	0	0	1
593	2	5	5	0	0	1
594	2	1	1	0	0	1
595	2	1	1	0	0	1
596	2	1	0	0	0	1
597	2	1	1	0	0	1
598	2	1	1	0	0	1
599	2	1	1	0	0	1
600	2	1	0	0	0	1
601	2	1	1	0	0	1
602	2	1	1	0	0	1
603	2	2	1	0	0	1
604	2	1	0	0	0	1
605	2	4	2	0	0	1
606	2	2	1	0	0	1
607	2	1	0	0	0	1
608	2	1	0	0	0	1
609	2	1	0	0	0	1
610	2	3	3	0	0	1
611	2	6	6	0	0	1
612	2	1	0	0	0	1
613	2	1	0	0	0	1
614	2	1	0	0	0	1
615	2	1	1	0	0	1
616	2	3	3	0	0	1
617	2	1	0	0	0	1
618	2	2	2	0	0	1
619	2	2	2	0	0	1
620	2	3	3	0	0	1
621	2	4	4	0	0	1
622	2	1	0	0	0	1
623	2	1	1	0	0	1
624	2	1	0	0	0	1
625	2	1	1	0	0	1
626	2	2	2	0	0	1
627	2	2	2	0	0	1
628	2	1	0	0	0	1
629	2	4	4	0	0	1
630	2	4	4	0	0	1
631	2	3	2	0	0	1
632	2	3	3	0	0	1
633	2	2	2	0	0	1
634	2	1	0	0	0	1
635	2	1	1	0	0	1
636	2	1	0	0	0	1
637	2	5	5	0	0	1
638	2	1	1	0	0	1
639	2	2	2	0	0	1
640	2	1	0	0	0	1
641	2	2	2	0	0	1
642	2	1	1	0	0	1
643	2	1	0	0	0	1
644	2	1	1	0	0	1
645	2	3	2	0	0	1
646	2	1	0	0	0	1
647	2	3	2	0	0	1
648	2	4	4	0	0	1
649	2	1	1	0	0	1
650	2	1	0	0	0	1
651	2	3	2	0	0	1
652	2	2	2	0	0	1
653	2	1	1	0	0	1
654	2	1	0	0	0	1
655	2	1	0	0	0	1
656	2	2	2	0	0	1
657	2	4	4	0	0	1
658	2	1	0	0	0	1
659	2	2	2	0	0	1
660	2	1	0	0	0	1
661	2	1	1	0	0	1
662	2	4	4	0	0	1
663	2	1	0	0	0	1
664	2	3	3	0	0	1
665	2	1	0	0	0	1
666	2	2	2	0	0	1
667	2	1	0	0	0	1
668	2	1	0	0	0	1
669	2	2	0	0	0	1
670	2	4	3	0	0	1
671	2	1	0	0	0	1
672	2	1	0	0	0	1
673	2	3	3	0	0	1
674	2	1	1	0	0	1
675	2	1	0	0	0	1
676	2	1	0	0	0	1
677	2	1	0	0	0	1
678	2	3	2	0	0	1
679	2	3	3	0	0	1
680	2	1	1	0	0	1
681	2	2	2	0	0	1
682	2	1	1	0	0	1
683	2	2	2	0	0	1
684	2	3	3	0	0	1
685	2	1	0	0	0	1
686	2	1	1	0	0	1
687	2	8	8	0	0	1
688	2	1	0	0	0	1
689	2	6	6	0	0	1
690	2	2	2	0	0	1
691	2	1	0	0	0	1
692	2	2	2	0	0	1
693	2	3	3	0	0	1
694	2	6	6	0	0	1
695	2	1	0	0	0	1
696	2	6	0	0	0	1
697	2	1	0	0	0	1
698	2	1	1	0	0	1
699	2	3	3	0	0	1
700	2	3	2	0	0	1
701	2	2	2	0	0	1
702	2	1	1	0	0	1
703	2	1	0	0	0	1
704	2	1	0	0	0	1
705	2	1	1	0	0	1
706	2	6	5	0	0	1
707	2	1	0	0	0	1
708	2	1	1	0	0	1
709	2	1	0	0	0	1
710	2	1	1	0	0	1
711	2	1	0	0	0	1
712	2	5	5	0	0	1
713	2	1	0	0	0	1
714	2	4	4	0	0	1
715	2	1	1	0	0	1
716	2	3	3	0	0	1
717	2	1	1	0	0	1
718	2	1	0	0	0	1
719	2	3	3	0	0	1
720	2	4	4	0	0	1
721	2	1	1	0	0	1
722	2	2	2	0	0	1
723	2	8	8	0	0	1
724	2	2	2	0	0	1
725	2	1	0	0	0	1
726	2	2	0	0	0	1
727	2	2	2	0	0	1
728	2	1	0	0	0	1
729	2	2	2	0	0	1
730	2	1	0	0	0	1
731	2	2	2	0	0	1
732	2	1	0	0	0	1
733	2	1	1	0	0	1
734	2	2	2	0	0	1
735	2	1	0	0	0	1
736	2	4	4	0	0	1
737	2	1	0	0	0	1
738	2	1	1	0	0	1
739	2	1	0	0	0	1
740	2	2	2	0	0	1
741	2	1	0	0	0	1
742	2	1	1	0	0	1
743	2	1	1	0	0	1
744	2	1	0	0	0	1
745	2	2	1	0	0	1
746	2	5	5	0	0	1
747	2	1	0	0	0	1
748	2	2	2	0	0	1
749	2	1	0	0	0	1
750	2	2	2	0	0	1
751	2	1	1	0	0	1
752	2	4	4	0	0	1
753	2	5	5	0	0	1
754	2	1	0	0	0	1
755	2	1	1	0	0	1
756	2	1	0	0	0	1
757	2	2	2	0	0	1
758	2	1	1	0	0	1
759	2	2	2	0	0	1
760	2	7	7	0	0	1
761	2	1	1	0	0	1
762	2	4	4	0	0	1
763	2	2	2	0	0	1
764	2	1	0	0	0	1
765	2	3	2	0	0	1
766	2	1	0	0	0	1
767	2	2	2	0	0	1
768	2	2	2	0	0	1
769	2	8	8	0	0	1
770	2	1	0	0	0	1
771	2	4	4	0	0	1
772	2	1	0	0	0	1
773	2	4	4	0	0	1
774	2	1	0	0	0	1
775	2	2	2	0	0	1
776	2	4	4	0	0	1
777	2	2	2	0	0	1
778	2	3	3	0	0	1
779	2	1	0	0	0	1
780	2	1	1	0	0	1
781	2	3	3	0	0	1
782	2	1	1	0	0	1
783	2	3	3	0	0	1
784	2	1	0	0	0	1
785	2	1	1	0	0	1
786	2	1	0	0	0	1
787	2	2	2	0	0	1
788	2	1	0	0	0	1
789	2	6	6	0	0	1
790	2	1	0	0	0	1
791	2	3	3	0	0	1
792	2	1	0	0	0	1
793	2	4	4	0	0	1
794	2	1	1	0	0	1
795	2	1	0	0	0	1
796	2	1	1	0	0	1
797	2	1	0	0	0	1
798	2	4	4	0	0	1
799	2	1	1	0	0	1
800	2	1	0	0	0	1
801	2	1	1	0	0	1
802	2	1	1	0	0	1
803	2	1	0	0	0	1
804	2	1	0	0	0	1
805	2	2	2	0	0	1
806	2	1	0	0	0	1
807	2	3	3	0	0	1
808	2	1	0	0	0	1
809	2	1	0	0	0	1
810	2	2	2	0	0	1
811	2	1	0	0	0	1
812	2	2	2	0	0	1
813	2	1	1	0	0	1
814	2	2	2	0	0	1
815	2	1	0	0	0	1
816	2	1	1	0	0	1
817	2	3	2	0	0	1
818	2	2	2	0	0	1
819	2	1	0	0	0	1
820	2	2	2	0	0	1
821	2	5	5	0	0	1
822	2	4	4	0	0	1
823	2	2	2	0	0	1
824	2	1	1	0	0	1
825	2	1	0	0	0	1
826	2	1	1	0	0	1
827	2	1	0	0	0	1
828	2	4	4	0	0	1
829	2	2	1	0	0	1
830	2	4	4	0	0	1
831	2	8	8	0	0	1
832	2	3	2	0	0	1
833	2	1	1	0	0	1
834	2	1	1	0	0	1
835	2	1	0	0	0	1
836	2	2	1	0	0	1
837	2	1	0	0	0	1
838	2	4	4	0	0	1
839	2	1	1	0	0	1
840	2	1	0	0	0	1
841	2	2	2	0	0	1
842	2	1	1	0	0	1
843	2	1	0	0	0	1
844	2	2	2	0	0	1
845	2	1	0	0	0	1
846	2	3	2	0	0	1
847	2	1	0	0	0	1
848	2	2	2	0	0	1
849	2	1	0	0	0	1
850	2	2	2	0	0	1
851	2	6	5	0	0	1
852	2	1	1	0	0	1
853	2	4	4	0	0	1
854	2	1	0	0	0	1
855	2	2	2	0	0	1
856	2	1	0	0	0	1
857	2	1	0	0	0	1
858	2	2	0	0	0	1
859	2	9	8	0	0	1
860	2	1	0	0	0	1
861	2	2	1	0	0	1
862	2	1	1	0	0	1
863	2	6	6	0	0	1
864	2	1	1	0	0	1
865	2	1	0	0	0	1
866	2	1	1	0	0	1
867	2	1	0	0	0	1
868	2	4	4	0	0	1
869	2	2	2	0	0	1
870	2	1	0	0	0	1
871	2	3	2	0	0	1
872	2	1	0	0	0	1
873	2	6	6	0	0	1
874	2	1	0	0	0	1
875	2	2	2	0	0	1
876	2	3	0	0	0	1
877	2	1	0	0	0	1
878	2	1	1	0	0	1
879	2	2	2	0	0	1
880	2	1	0	0	0	1
881	2	1	1	0	0	1
882	2	1	0	0	0	1
883	2	2	0	0	0	1
884	2	1	1	0	0	1
885	2	1	0	0	0	1
886	2	4	4	0	0	1
887	2	1	0	0	0	1
888	2	2	2	0	0	1
889	2	1	0	0	0	1
890	2	4	4	0	0	1
891	2	2	2	0	0	1
892	2	1	0	0	0	1
893	2	1	1	0	0	1
894	2	1	0	0	0	1
895	2	1	1	0	0	1
896	2	1	0	0	0	1
897	2	2	2	0	0	1
898	2	2	0	0	0	1
899	2	1	0	0	0	1
900	2	4	4	0	0	1
901	2	2	2	0	0	1
902	2	1	1	0	0	1
903	2	2	2	0	0	1
904	2	1	0	0	0	1
905	2	2	0	0	0	1
906	2	1	1	0	0	1
907	2	1	0	0	0	1
908	2	4	4	0	0	1
909	2	1	0	0	0	1
910	2	2	2	0	0	1
911	2	1	1	0	0	1
912	2	8	8	0	0	1
913	2	1	1	0	0	1
914	2	1	0	0	0	1
915	2	1	0	0	0	1
916	2	1	1	0	0	1
917	2	2	2	0	0	1
918	2	1	0	0	0	1
919	2	4	4	0	0	1
920	2	1	1	0	0	1
921	2	1	0	0	0	1
922	2	2	2	0	0	1
923	2	1	0	0	0	1
924	2	1	0	0	0	1
925	2	1	1	0	0	1
926	2	1	0	0	0	1
927	2	1	1	0	0	1
928	2	2	1	0	0	1
929	2	1	1	0	0	1
930	2	6	6	0	0	1
931	2	2	2	0	0	1
932	2	1	1	0	0	1
933	2	5	5	0	0	1
934	2	6	6	0	0	1
935	2	1	0	0	0	1
936	2	1	1	0	0	1
937	2	1	0	0	0	1
938	2	1	1	0	0	1
939	2	1	0	0	0	1
940	2	3	2	0	0	1
941	2	5	5	0	0	1
942	2	1	0	0	0	1
943	2	1	1	0	0	1
944	2	2	2	0	0	1
945	2	1	0	0	0	1
946	2	2	2	0	0	1
947	2	1	0	0	0	1
948	2	1	1	0	0	1
949	2	2	2	0	0	1
950	2	2	0	0	0	1
951	2	4	4	0	0	1
952	2	2	2	0	0	1
953	2	1	1	0	0	1
954	2	5	5	0	0	1
955	2	1	0	0	0	1
956	2	3	3	0	0	1
957	2	4	4	0	0	1
958	2	1	0	0	0	1
959	2	2	2	0	0	1
960	2	1	0	0	0	1
961	2	4	4	0	0	1
962	2	1	0	0	0	1
963	2	3	2	0	0	1
964	2	1	0	0	0	1
965	2	5	5	0	0	1
966	2	2	2	0	0	1
967	2	1	0	0	0	1
968	2	4	4	0	0	1
969	2	1	0	0	0	1
970	2	4	3	0	0	1
971	2	1	1	0	0	1
972	2	1	0	0	0	1
973	2	2	2	0	0	1
974	2	1	1	0	0	1
975	2	1	0	0	0	1
976	2	2	2	0	0	1
977	2	1	0	0	0	1
978	2	1	1	0	0	1
979	2	1	0	0	0	1
980	2	1	1	0	0	1
981	2	2	1	0	0	1
982	2	1	0	0	0	1
983	2	4	4	0	0	1
984	2	5	4	0	0	1
985	2	2	0	0	0	1
986	2	5	4	0	0	1
987	2	1	0	0	0	1
988	2	1	0	0	0	1
989	2	1	0	0	0	1
990	2	2	0	0	0	1
991	2	1	0	0	0	1
992	2	4	4	0	0	1
993	2	1	0	0	0	1
994	2	1	1	0	0	1
995	2	1	0	0	0	1
996	2	3	3	0	0	1
997	2	1	0	0	0	1
998	2	1	1	0	0	1
999	2	1	0	0	0	1
1000	2	2	2	0	0	1
1001	2	3	1	0	0	1
1002	2	1	0	0	0	1
1003	2	1	0	0	0	1
1004	2	1	0	0	0	1
1005	4	1	0	0	0	1
1006	4	1	0	0	0	1
1007	4	1	1	0	0	1
1008	4	1	0	0	0	1
1009	4	1	0	0	0	1
1010	4	1	0	0	0	1
1011	4	1	0	0	0	1
1012	4	1	0	0	0	1
1013	4	1	0	0	0	1
1014	4	1	0	0	0	1
1015	4	1	0	0	0	1
1016	4	1	0	0	0	1
1017	4	1	0	0	0	1
1018	4	1	0	0	0	1
1019	4	2	0	0	0	1
1020	4	1	0	0	0	1
1021	4	1	0	0	0	1
1022	4	1	0	0	0	1
1023	4	1	0	0	0	1
1024	4	1	0	0	0	1
1025	4	1	0	0	0	1
1026	4	1	0	0	0	1
1027	4	1	0	0	0	1
1028	4	19	16	0	0	1
1029	4	19	16	0	0	1
1030	4	1	0	0	0	1
1031	4	1	0	0	0	1
1032	4	1	0	0	0	1
1033	4	1	0	0	0	1
1034	4	1	0	0	0	1
1035	4	1	1	0	0	1
1036	4	1	1	0	0	1
1037	4	1	0	0	0	1
1038	4	1	0	0	0	1
1039	4	1	0	0	0	1
1040	4	1	0	0	0	1
1041	4	2	0	0	0	1
1042	4	1	0	0	0	1
1043	4	2	0	0	0	1
1044	4	1	0	0	0	1
1045	4	5	4	0	0	1
1046	4	31	31	0	0	1
1047	4	1	0	0	0	1
1048	4	1	1	0	0	1
1049	4	2	0	0	0	1
1050	4	1	0	0	0	1
1051	4	1	0	0	0	1
1052	4	1	1	0	0	1
1053	4	2	2	0	0	1
1054	4	6	0	0	0	1
1055	4	2	0	0	0	1
1056	4	5	4	0	0	1
1057	4	1	0	0	0	1
1058	4	5	3	0	0	1
1059	4	1	0	0	0	1
1060	4	80	80	0	0	1
1061	4	1	0	0	0	1
1062	4	15	15	0	0	1
1063	4	1	0	0	0	1
1064	4	1	1	0	0	1
1065	4	2	0	0	0	1
1066	4	1	0	0	0	1
1067	4	3	3	0	0	1
1068	4	1	0	0	0	1
1069	4	5	4	0	0	1
1070	4	7	7	0	0	1
1071	4	1	0	0	0	1
1072	4	2	0	0	0	1
1073	4	3	2	0	0	1
1074	4	1	0	0	0	1
1075	4	30	30	0	0	1
1076	4	1	1	0	0	1
1077	4	1	0	0	0	1
1078	4	2	2	0	0	1
1079	4	1	0	0	0	1
1080	4	16	14	0	0	1
1081	4	1	1	0	0	1
1082	4	1	0	0	0	1
1083	4	1	0	0	0	1
1084	4	2	2	0	0	1
1085	4	10	9	0	0	1
1086	4	8	6	0	0	1
1087	4	18	18	0	0	1
1088	4	1	0	0	0	1
1089	4	2	2	0	0	1
1090	4	2	0	0	0	1
1091	4	2	0	0	0	1
1092	4	1	0	0	0	1
1093	4	1	0	0	0	1
1094	4	19	17	0	0	1
1095	4	12	11	0	0	1
1096	4	1	1	0	0	1
1097	4	2	0	0	0	1
1098	4	46	31	0	0	1
1099	4	1	0	0	0	1
1100	4	1	0	0	0	1
1101	4	1	1	0	0	1
1102	4	5	2	0	0	1
1103	4	1	0	0	0	1
1104	4	2	0	0	0	1
1105	4	1	0	0	0	1
1106	4	3	0	0	0	1
1107	4	2	0	0	0	1
1108	4	1	0	0	0	1
1109	4	43	34	0	0	1
1110	4	1	0	0	0	1
1111	4	1	0	0	0	1
1112	4	1	1	0	0	1
1113	4	1	0	0	0	1
1114	4	4	2	0	0	1
1115	4	9	6	0	0	1
1116	4	1	1	0	0	1
1117	4	1	0	0	0	1
1118	4	5	5	0	0	1
1119	4	1	1	0	0	1
1120	4	1	0	0	0	1
1121	4	2	0	0	0	1
1122	4	1	0	0	0	1
1123	4	11	7	0	0	1
1124	4	1	0	0	0	1
1125	4	1	0	0	0	1
1126	4	4	4	0	0	1
1127	4	8	8	0	0	1
1128	4	1	0	0	0	1
1129	4	1	1	0	0	1
1130	4	1	0	0	0	1
1131	4	1	0	0	0	1
1132	4	3	0	0	0	1
1133	4	1	0	0	0	1
1134	4	1	0	0	0	1
1135	4	2	0	0	0	1
1136	4	1	0	0	0	1
1137	4	1	1	0	0	1
1138	4	1	0	0	0	1
1139	4	1	1	0	0	1
1140	4	2	0	0	0	1
1141	4	2	1	0	0	1
1142	4	10	10	0	0	1
1143	4	1	0	0	0	1
1144	4	6	6	0	0	1
1145	4	11	10	0	0	1
1146	4	1	0	0	0	1
1147	4	2	0	0	0	1
1148	4	1	0	0	0	1
1149	4	2	0	0	0	1
1150	4	9	8	0	0	1
1151	4	8	7	0	0	1
1152	4	4	0	0	0	1
1153	4	6	3	0	0	1
1154	4	1	0	0	0	1
1155	4	4	0	0	0	1
1156	4	2	0	0	0	1
1157	4	2	0	0	0	1
1158	4	2	2	0	0	1
1159	4	25	24	0	0	1
1160	4	4	2	0	0	1
1161	4	1	0	0	0	1
1162	4	6	0	0	0	1
1163	4	7	7	0	0	1
1164	4	1	0	0	0	1
1165	4	32	32	0	0	1
1166	4	1	0	0	0	1
1167	4	3	2	0	0	1
1168	4	2	1	0	0	1
1169	4	2	0	0	0	1
1170	4	1	0	0	0	1
1171	4	1	0	0	0	1
1172	4	9	8	0	0	1
1173	4	1	0	0	0	1
1174	4	3	0	0	0	1
1175	4	1	0	0	0	1
1176	4	1	1	0	0	1
1177	4	1	0	0	0	1
1178	4	1	1	0	0	1
1179	4	1	0	0	0	1
1180	4	1	0	0	0	1
1181	4	8	8	0	0	1
1182	4	33	32	0	0	1
1183	4	2	2	0	0	1
1184	4	11	8	0	0	1
1185	4	3	1	0	0	1
1186	4	1	0	0	0	1
1187	4	2	0	0	0	1
1188	4	37	37	0	0	1
1189	4	5	0	0	0	1
1190	4	3	2	0	0	1
1191	4	2	1	0	0	1
1192	4	24	24	0	0	1
1193	4	1	1	0	0	1
1194	4	3	2	0	0	1
1195	4	1	0	0	0	1
1196	4	1	0	0	0	1
1197	4	1	0	0	0	1
1198	4	2	0	0	0	1
1199	4	1	0	0	0	1
1200	4	51	51	0	0	1
1201	4	1	0	0	0	1
1202	4	18	17	0	0	1
1203	4	1	0	0	0	1
1204	4	9	8	0	0	1
1205	4	1	0	0	0	1
1206	4	4	0	0	0	1
1207	4	1	0	0	0	1
1208	4	5	4	0	0	1
1209	4	13	11	0	0	1
1210	4	1	0	0	0	1
1211	4	1	0	0	0	1
1212	4	2	0	0	0	1
1213	4	7	7	0	0	1
1214	4	19	16	0	0	1
1215	4	2	0	0	0	1
1216	4	1	0	0	0	1
1217	4	1	0	0	0	1
1218	4	2	0	0	0	1
1219	4	1	0	0	0	1
1220	4	13	4	0	0	1
1221	4	1	0	0	0	1
1222	4	1	1	0	0	1
1223	4	1	0	0	0	1
1224	4	47	47	0	0	1
1225	4	2	2	0	0	1
1226	4	1	0	0	0	1
1227	4	3	1	0	0	1
1228	4	12	12	0	0	1
1229	4	1	1	0	0	1
1230	4	1	0	0	0	1
1231	4	7	6	0	0	1
1232	4	18	12	0	0	1
1233	4	1	1	0	0	1
1234	4	1	1	0	0	1
1235	4	33	29	0	0	1
1236	4	1	0	0	0	1
1237	4	1	1	0	0	1
1238	4	7	4	0	0	1
1239	4	2	0	0	0	1
1240	4	1	1	0	0	1
1241	4	4	1	0	0	1
1242	4	1	0	0	0	1
1243	4	2	2	0	0	1
1244	4	1	0	0	0	1
1245	4	1	0	0	0	1
1246	4	1	0	0	0	1
1247	4	16	15	0	0	1
1248	4	1	0	0	0	1
1249	4	1	0	0	0	1
1250	4	46	46	0	0	1
1251	4	18	12	0	0	1
1252	4	1	1	0	0	1
1253	4	1	0	0	0	1
1254	4	2	2	0	0	1
1255	4	2	0	0	0	1
1256	4	1	1	0	0	1
1257	4	1	0	0	0	1
1258	4	21	19	0	0	1
1259	4	2	0	0	0	1
1260	4	2	1	0	0	1
1261	4	45	44	0	0	1
1262	4	59	59	0	0	1
1263	4	1	0	0	0	1
1264	4	1	0	0	0	1
1265	4	1	1	0	0	1
1266	4	2	0	0	0	1
1267	4	4	4	0	0	1
1268	4	1	1	0	0	1
1269	4	1	0	0	0	1
1270	4	3	0	0	0	1
1271	4	1	0	0	0	1
1272	4	23	23	0	0	1
1273	4	2	2	0	0	1
1274	4	3	2	0	0	1
1275	4	1	0	0	0	1
1276	4	7	6	0	0	1
1277	4	2	0	0	0	1
1278	4	1	0	0	0	1
1279	4	2	0	0	0	1
1280	4	1	0	0	0	1
1281	4	3	3	0	0	1
1282	4	37	36	0	0	1
1283	4	5	5	0	0	1
1284	4	4	4	0	0	1
1285	4	1	0	0	0	1
1286	4	66	66	0	0	1
1287	4	1	0	0	0	1
1288	4	1	0	0	0	1
1289	4	14	13	0	0	1
1290	4	44	43	0	0	1
1291	4	1	1	0	0	1
1292	4	2	0	0	0	1
1293	4	1	0	0	0	1
1294	4	1	1	0	0	1
1295	4	1	0	0	0	1
1296	4	1	1	0	0	1
1297	4	1	0	0	0	1
1298	4	2	0	0	0	1
1299	4	1	1	0	0	1
1300	4	4	4	0	0	1
1301	4	10	10	0	0	1
1302	4	3	0	0	0	1
1303	4	1	0	0	0	1
1304	4	1	0	0	0	1
1305	4	2	0	0	0	1
1306	4	7	6	0	0	1
1307	4	3	3	0	0	1
1308	4	1	0	0	0	1
1309	4	2	1	0	0	1
1310	4	1	0	0	0	1
1311	4	12	6	0	0	1
1312	4	32	32	0	0	1
1313	4	10	10	0	0	1
1314	4	71	71	0	0	1
1315	4	16	9	0	0	1
1316	4	19	17	0	0	1
1317	4	118	118	0	0	1
1318	4	25	23	0	0	1
1319	4	27	27	0	0	1
1320	4	50	50	0	0	1
1321	4	44	44	0	0	1
1322	4	38	38	0	0	1
1323	4	42	40	0	0	1
1324	4	26	26	0	0	1
1325	4	5	5	0	0	1
1326	4	13	13	0	0	1
1327	4	18	18	0	0	1
1328	4	52	52	0	0	1
1329	4	79	79	0	0	1
1330	4	47	46	0	0	1
1331	4	21	21	0	0	1
1332	4	34	33	0	0	1
1333	4	51	51	0	0	1
1334	4	137	137	0	0	1
1335	4	22	22	0	0	1
1336	4	37	37	0	0	1
1337	4	57	55	0	0	1

